150
153
151
148
145
141
150
146
150
146
145
146
141
145
153
153
161
159
157
158
151
152
145
153
156
148
153
151
149
143
135
129
130
135
131
126
135
141
140
142
148
154
151
147
140
132
139
140
143
152
153
162
162
163
159
163
169
176
179
184
179
181
189
193
201
199
203
204
196
199
204
202
205
197
197
203
195
202
206
213
220
223
217
209
202
195
200
196
199
193
186
194
196
203
195
198
205
209
213
216
217
212
221
229
236
229
238
233
234
233
242
247
240
235
228
233
238
244
236
235
236
235
233
228
233
233
236
235
228
234
243
240
246
250
247
250
242
237
234
243
242
245
240
249
255
260
257
261
261
256
255
264
273
269
276
284
279
288
293
290
290
294
303
307
305
312
309
301
294
299
302
301
306
298
303
295
299
296
302
305
311
306
312
316
314
317
310
312
312
310
303
307
312
306
302
297
291
284
279
285
280
273
276
274
273
268
268
263
272
278
282
277
281
277
274
273
270
265
257
260
263
268
263
257
262
261
267
275
282
276
271
264
265
265
260
258
267
267
268
274
273
267
259
254
247
246
248
257
256
260
262
270
273
275
274
266
270
265
271
268
271
263
263
267
261
266
267
271
272
265
260
264
261
270
276
283
288
296
288
288
286
280
276
280
284
281
290
298
307
308
302
308
307
311
312
315
318
319
317
313
309
307
307
301
298
298
305
313
319
315
319
313
315
307
312
304
312
308
311
318
322
314
320
320
317
320
329
333
342
345
350
348
343
352
358
353
359
354
353
349
356
363
355
356
358
362
369
370
362
370
375
376
372
365
361
353
360
352
349
348
348
357
349
345
354
354
359
368
375
370
362
363
358
363
371
364
363
356
363
365
360
369
367
371
369
369
375
376
378
377
370
378
375
375
383
382
391
390
390
395
395
397
406
408
415
419
428
421
424
419
420
416
411
419
417
422
425
429
431
436
442
449
457
459
458
453
458
450
457
465
463
467
470
479
486
494
503
508
500
499
497
505
502
507
507
505
497
496
490
484
485
492
489
486
484
484
479
477
481
473
474
479
488
497
502
507
512
521
524
523
517
517
520
512
507
504
510
509
515
516
521
519
520
513
512
506
500
498
492
498
490
482
491
500
508
510
515
523
515
508
512
519
522
516
518
515
515
509
518
513
510
508
515
517
522
527
529
531
540
537
541
544
549
557
551
544
542
540
543
538
535
536
534
537
538
547
539
547
554
557
551
544
548
546
555
555
553
553
559
556
548
550
557
564
569
566
569
578
576
581
583
588
588
593
588
595
589
596
594
602
597
592
592
585
584
580
589
588
596
600
604
613
615
610
609
617
617
609
614
606
605
600
601
599
593
590
597
601
606
604
607
602
600
599
595
588
589
586
588
585
588
584
587
584
580
587
586
595
597
604
604
611
610
616
620
624
628
621
630
625
633
635
640
644
648
655
651
660
655
660
668
660
662
671
677
676
679
684
688
685
687
680
683
683
682
688
683
688
691
689
693
700
699
706
711
711
707
714
715
709
710
709
715
721
715
722
714
713
709
708
701
709
716
724
724
730
735
742
737
730
729
725
723
731
727
724
716
723
721
730
729
723
717
709
701
703
711
715
724
724
723
719
717
718
712
708
710
717
723
731
731
738
733
740
748
753
750
752
758
763
763
764
770
773
781
783
777
783
779
780
787
785
781
781
788
790
786
784
776
772
766
761
768
769
765
767
770
776
780
784
778
772
781
777
783
791
787
786
786
793
792
784
793
795
791
792
792
786
792
795
794
799
808
812
805
812
813
811
805
814
811
812
810
815
816
821
819
812
810
807
815
818
823
824
822
829
821
826
818
817
816
817
824
818
813
812
812
820
822
818
815
809
804
806
807
805
804
808
801
797
796
792
791
789
798
800
794
791
795
788
795
789
798
799
806
800
794
797
803
798
796
802
804
802
811
803
812
809
803
800
793
786
780
775
771
767
771
766
766
769
769
765
770
764
759
760
754
758
753
755
755
755
760
759
751
760
766
771
773
773
774
773
775
767
773
776
775
784
784
779
783
775
769
771
777
781
787
795
798
790
788
784
778
781
786
792
799
794
801
793
787
789
787
787
788
789
783
785
785
793
801
808
814
822
829
830
835
831
830
825
830
824
818
825
833
838
833
840
837
841
839
838
836
844
844
836
840
834
843
851
853
851
855
861
854
847
852
854
855
854
862
861
861
858
852
851
854
861
867
865
867
866
860
868
863
866
860
869
863
857
855
856
851
859
862
855
850
851
850
855
862
859
852
859
851
852
860
852
854
846
839
847
841
838
832
836
833
840
835
832
839
841
847
843
841
834
843
846
853
859
859
862
855
860
860
862
862
858
866
872
868
866
873
872
865
868
877
870
877
878
870
865
868
864
858
853
852
845
846
840
844
840
841
842
849
850
856
854
853
857
865
874
867
872
868
860
861
869
876
876
883
888
885
878
878
885
890
899
905
901
905
900
893
895
901
899
904
903
903
896
895
898
903
912
920
912
911
912
918
924
921
922
928
932
926
926
931
931
927
921
927
928
926
933
927
919
927
933
927
925
920
915
913
916
925
927
926
927
920
924
927
930
929
921
919
913
915
920
922
915
911
914
907
906
915
911
906
901
907
904
913
911
920
921
921
915
914
910
917
915
916
920
919
918
919
924
931
929
923
919
928
932
937
944
944
941
945
951
949
948
954
955
961
954
951
951
953
951
947
940
938
935
944
939
939
945
944
951
957
965
970
962
967
973
979
982
974
983
982
976
978
971
971
964
963
970
966
967
967
969
972
969
963
964
958
960
963
958
957
957
957
958
959
967
970
963
963
964
956
961
970
974
978
982
982
980
975
971
979
971
964
970
967
970
969
976
982
976
971
976
969
967
973
972
967
968
970
975
974
982
986
988
984
980
978
974
979
982
985
993
989
995
1000
1005
998
1006
1004
1004
1012
1006
1007
1008
1014
1012
1012
1018
1016
1011
1019
1023
1015
1023
1016
1009
1014
1018
1014
1009
1015
1014
1011
1011
1013
1011
1007
1008
1011
1015
1017
1020
1024
1021
1019
1014
1013
1015
1017
1022
1030
1029
1024
1020
1016
1021
1026
1035
1043
1052
1052
1059
1067
1068
1060
1065
1066
1067
1061
1060
1055
1056
1052
1053
1052
1053
1059
1052
1053
1057
1064
1059
1059
1066
1075
1082
1087
1096
1090
1085
1081
1087
1087
1081
1086
1081
1089
1095
1091
1098
1094
1098
1106
1113
1107
1110
1109
1104
1101
1102
1105
1114
1118
1124
1131
1126
1123
1118
1122
1116
1115
1118
1126
1121
1119
1125
1128
1136
1140
1137
1143
1143
1145
1142
1140
1138
1136
1138
1138
1130
1137
1136
1141
1138
1133
1125
1130
1135
1131
1123
1132
1128
1137
1131
1140
1149
1156
1156
1156
1159
1152
1149
1142
1142
1137
1146
1154
1156
1149
1145
1151
1143
1141
1149
1141
1142
1150
1150
1158
1155
1147
1155
1157
1151
1158
1155
1154
1155
1151
1156
1162
1160
1166
1158
1163
1161
1155
1155
1152
1150
1149
1147
1146
1141
1145
1139
1139
1140
1132
1135
1139
1132
1130
1134
1140
1144
1137
1132
1132
1138
1145
1143
1145
1154
1162
1168
1165
1173
1174
1176
1181
1182
1177
1170
1169
1169
1178
1174
1179
1173
1173
1176
1182
1191
1197
1193
1189
1184
1180
1177
1169
1167
1165
1162
1164
1171
1180
1173
1175
1174
1178
1183
1187
1180
1175
1169
1162
1162
1154
1163
1160
1169
1168
1169
1174
1179
1171
1165
1169
1161
1168
1174
1169
1174
1183
1188
1188
1196
1203
1202
1198
1196
1205
1201
1197
1202
1194
1198
1207
1214
1206
1203
1201
1198
1191
1194
1188
1181
1187
1196
1193
1192
1193
1188
1192
1186
1185
1192
1185
1186
1182
1179
1182
1183
1189
1189
1193
1188
1189
1193
1195
1202
1200
1198
1201
1207
1212
1216
1217
1217
1221
1229
1225
1227
1236
1233
1236
1232
1230
1233
1226
1228
1225
1232
1230
1226
1231
1238
1242
1251
1244
1244
1239
1233
1236
1229
1223
1226
1221
1229
1221
1229
1229
1233
1225
1217
1219
1216
1215
1219
1219
1225
1231
1224
1230
1234
1236
1235
1227
1231
1238
1246
1242
1234
1242
1237
1243
1240
1241
1239
1246
1241
1240
1241
1245
1237
1231
1240
1242
1242
1239
1237
1233
1242
1238
1247
1240
1234
1237
1231
1239
1234
1231
1224
1218
1210
1212
1207
1209
1212
1212
1218
1225
1218
1216
1218
1215
1220
1215
1212
1212
1204
1198
1191
1196
1191
1187
1187
1189
1184
1181
1179
1175
1178
1179
1187
1184
1183
1176
1184
1178
1179
1188
1196
1192
1195
1195
1188
1187
1183
1191
1187
1184
1180
1173
1175
1170
1168
1169
1171
1177
1180
1182
1187
1187
1181
1176
1168
1171
1179
1182
1185
1189
1198
1206
1209
1203
1212
1211
1209
1212
1207
1206
1212
1218
1217
1222
1216
1224
1221
1226
1225
1223
1226
1234
1227
1220
1219
1213
1220
1218
1214
1214
1216
1218
1220
1224
1216
1214
1217
1209
1204
1199
1203
1198
1204
1212
1210
1215
1216
1211
1209
1207
1206
1211
1210
1215
1217
1221
1217
1216
1220
1221
1217
1216
1219
1217
1220
1225
1223
1221
1224
1230
1233
1225
1218
1211
1205
1211
1215
1215
1223
1232
1236
1231
1230
1238
1230
1235
1236
1245
1239
1235
1237
1243
1241
1239
1232
1231
1226
1226
1226
1218
1218
1223
1229
1235
1238
1246
1246
1243
1244
1253
1247
1254
1253
1252
1245
1254
1248
1252
1247
1249
1253
1252
1253
1258
1265
1261
1270
1276
1268
1266
1267
1263
1268
1275
1275
1280
1276
1272
1273
1265
1269
1268
1276
1272
1268
1274
1273
1278
1277
1279
1283
1284
1287
1295
1289
1283
1276
1280
1273
1269
1261
1253
1258
1256
1261
1259
1262
1266
1260
1254
1247
1242
1240
1247
1242
1251
1258
1257
1264
1261
1257
1263
1260
1262
1258
1253
1258
1265
1257
1258
1256
1255
1253
1249
1257
1251
1248
1245
1254
1247
1242
1246
1249
1254
1249
1256
1264
1260
1258
1253
1247
1251
1244
1242
1237
1232
1228
1235
1234
